"Sens Factor =-25.591dB, SERNO: 2581417"
4.6758 -2.3577 75.57
5.099 -1.3814 74.93
5.5605 -0.5548 74.29
6.0638 0.0874 71.54
6.6126 0.5606 58.96
7.2111 0.9064 46.86
7.8637 1.1406 45.74
8.5755 1.2953 45.32
9.3516 1.3922 39.86
10.198 1.4521 30.34
11.121 1.4892 31.24
12.1275 1.5054 29.98
13.2252 1.5151 22.25
14.4221 1.511 24.27
15.7274 1.5041 18.66
17.1509 1.4956 19.3
18.7032 1.4952 15.05
20.396 1.4843 16.42
22.242 1.4741 12.16
24.255 1.4654 11.79
26.4503 1.4582 12.07
28.8443 1.444 10.15
31.4549 1.4339 8.4
34.3018 1.4264 7.23
37.4064 1.4097 6.59
40.7919 1.3922 6.33
44.4839 1.3735 5.11
48.5101 1.3442 3.33
52.9006 1.3145 3.9
57.6885 1.2763 2.46
62.9098 1.2527 1.57
68.6036 1.2234 1.14
74.8128 1.1959 0.66
81.5839 1.1687 0.88
88.9679 1.1411 0
97.0201 1.1229 0.12
105.8012 1.0943 -0.32
115.377 1.0645 -1.15
125.8196 1.0434 -1.04
137.2072 1.011 -1.55
149.6255 0.9779 -1.77
163.1678 0.9541 -2.38
177.9357 0.9188 -2.67
194.0403 0.8899 -2.96
211.6024 0.8553 -3.33
230.7541 0.8123 -3.72
251.6391 0.7599 -4.02
274.4144 0.6959 -4.54
299.251 0.6185 -4.69
326.3356 0.5402 -5.02
355.8714 0.4609 -5.14
388.0806 0.381 -5.11
423.2049 0.3229 -5
461.5082 0.2841 -4.94
503.2782 0.2413 -4.82
548.8288 0.2114 -4.85
598.5021 0.1815 -4.87
652.6711 0.1492 -4.92
711.7429 0.1125 -4.94
776.1611 0.081 -5
846.4097 0.046 -5.04
923.0163 0.0186 -5.05
1006.5565 0 -5.13
1097.6576 -0.0086 -5.14
1197.0041 -0.0058 -5.26
1305.3422 0.0001 -5.45
1423.4858 0.0097 -5.69
1552.3223 0.0125 -6.07
1692.8194 0.0074 -6.49
1846.0327 -0.0039 -6.89
2013.1129 0.0011 -7.33
2195.3152 0.0035 -7.89
2394.0082 0.009 -8.52
2610.6845 0.0018 -9.26
2846.9716 -0.0109 -10.03
3104.6445 -0.018 -10.86
3385.6389 -0.0364 -11.78
3692.0654 -0.0536 -12.7
4026.2258 -0.0654 -13.7
4390.6304 -0.0676 -14.8
4788.0164 -0.0605 -16.07
5221.3689 -0.0564 -17.53
5693.9432 -0.0421 -19.24
6209.2891 -0.0419 -21.26
6771.2777 -0.0727 -23.62
7384.1307 -0.1455 -26.2
8052.4517 -0.2623 -28.91
8781.2608 -0.4166 -31.69
9576.0328 -0.6015 -34.55
10442.738 -0.8165 -37.5
11387.886 -1.0667 -40.54
12418.578 -1.356 -43.71
13542.555 -1.7189 -46.82
14768.261 -2.114 -49.52
16104.903 -2.4812 -51.78
17562.522 -2.7409 -53.83
19152.066 -2.84 -56.75
